name: C:\Users\thebr\Documents\GitHub\snake_rl_agent\.conda
channels:
  - defaults
dependencies:
  - blas=1.0=mkl
  - bzip2=1.0.8=h2bbff1b_6
  - ca-certificates=2025.12.2=haa95532_0
  - expat=2.7.3=h885b0b7_4
  - filelock=3.20.0=py312haa95532_0
  - fsspec=2026.1.0=py312h4442805_0
  - gmp=6.3.0=h537511b_0
  - gmpy2=2.2.2=py312h8598115_0
  - importlib-metadata=8.7.0=py312haa95532_0
  - intel-openmp=2025.0.0=haa95532_1164
  - jinja2=3.1.6=py312haa95532_0
  - libabseil=20250127.0=cxx17_h52369b4_0
  - libexpat=2.7.3=h885b0b7_4
  - libffi=3.4.4=hd77b12b_1
  - libhwloc=2.12.1=default_hfa10c62_1000
  - libiconv=1.16=h2bbff1b_3
  - libprotobuf=5.29.3=h65a231f_1
  - libtorch=2.7.0=cpu_mkl_h017a133_100
  - libuv=1.48.0=h827c3e9_0
  - libxml2=2.13.9=h6201b9f_0
  - libzlib=1.3.1=h02ab6af_0
  - markupsafe=3.0.2=py312h827c3e9_0
  - mkl=2025.0.0=h5da7b33_930
  - mkl-service=2.5.2=py312h0b37514_0
  - mkl_fft=2.1.1=py312h300f80d_0
  - mkl_random=1.3.0=py312ha5e6156_0
  - mpc=1.3.1=h827c3e9_0
  - mpfr=4.2.1=h56c3642_0
  - mpmath=1.3.0=py312haa95532_0
  - networkx=3.6.1=py312haa95532_0
  - numpy=2.4.1=py312h050da96_0
  - numpy-base=2.4.1=py312h1e017a8_0
  - openssl=3.0.18=h543e019_0
  - opentelemetry-api=1.38.0=py312haa95532_0
  - pip=25.3=pyhc872135_0
  - python=3.12.12=h716150d_1
  - pytorch=2.7.0=cpu_mkl_py312he241c65_100
  - setuptools=80.9.0=py312haa95532_0
  - sleef=3.5.1=h8cc25b3_2
  - sqlite=3.51.1=hda9a48d_0
  - sympy=1.14.0=py312haa95532_1
  - tbb=2022.3.0=h90c84d6_0
  - tbb-devel=2022.3.0=h90c84d6_0
  - tk=8.6.15=hf199647_0
  - typing-extensions=4.15.0=py312haa95532_0
  - typing_extensions=4.15.0=py312haa95532_0
  - tzdata=2025c=he532380_0
  - ucrt=10.0.22621.0=haa95532_0
  - vc=14.3=h2df5915_10
  - vc14_runtime=14.44.35208=h4927774_10
  - vs2015_runtime=14.44.35208=ha6b5a95_10
  - wheel=0.45.1=py312haa95532_0
  - xz=5.6.4=h4754444_1
  - zipp=3.23.0=py312haa95532_0
  - zlib=1.3.1=h02ab6af_0
  - pip:
      - pygame==2.5.2
prefix: C:\Users\thebr\Documents\GitHub\snake_rl_agent\.conda
